349 426 12
64 125 148 2 297 106 236 55 218 169 107 46
0 3 52 0
0 1 227 1
0 4 127 0
2 144 202 0
2 286 14 0
2 170 15 1
4 270 209 0
4 266 228 0
5 304 77 0
6 60 54 1
6 15 52 0
6 244 95 1
7 217 333 0
8 286 151 1
8 283 13 1
8 323 74 1
9 11 106 1
10 28 171 0
11 145 32 0
11 67 91 0
12 14 24 1
12 96 83 0
12 13 106 0
15 19 95 1
15 47 127 0
16 21 59 1
16 310 82 1
16 322 29 1
17 119 56 0
17 326 72 0
17 97 56 0
18 228 58 1
19 298 79 1
19 33 132 1
20 57 162 0
21 249 51 0
22 58 20 1
22 133 1 0
22 40 68 0
23 24 68 1
24 54 229 0
24 67 15 1
25 27 31 0
26 27 28 1
27 44 125 1
28 140 71 0
28 96 47 0
29 30 76 0
30 101 44 0
30 34 64 1
31 32 49 0
32 159 36 0
32 212 50 1
35 226 78 0
35 37 44 1
36 110 56 0
36 175 92 1
36 314 151 0
38 39 86 1
39 226 51 0
39 316 55 0
41 116 2257 0
42 43 120 1
43 57 39 1
43 286 72 0
44 141 18 0
44 249 9 0
45 98 35 0
46 96 22 0
48 50 28 1
49 77 215 1
49 180 24 0
49 53 116 1
50 113 22 0
50 228 70 0
51 220 61 1
52 200 25 0
52 194 6 1
52 220 202 1
54 59 84 0
54 136 25 1
55 331 36 0
55 267 137 0
55 328 30 0
56 189 81 1
56 265 54 1
56 58 219 0
57 82 211 1
58 190 96 0
61 342 37 1
62 343 69 1
63 64 81 1
64 329 69 0
64 217 163 1
65 241 65 1
66 285 31 0
66 317 61 1
66 244 46 1
67 88 96 0
68 317 185 0
69 71 53 1
70 78 108 0
70 240 48 1
70 208 135 0
71 110 31 1
71 146 50 0
72 210 69 0
73 277 172 0
74 140 67 0
74 100 122 1
74 91 70 1
75 154 46 0
75 187 54 0
75 225 91 0
75 114 132 0
76 88 45 1
77 179 84 0
77 103 208 0
78 187 120 0
78 176 14 1
79 188 123 0
79 105 49 0
79 250 53 0
80 160 68 0
80 168 169 0
80 148 74 1
81 99 39 1
81 120 117 1
81 194 281 0
81 243 50 0
83 139 35 0
84 169 199 1
84 281 2 1
84 197 52 0
85 109 51 0
85 255 50 0
85 198 134 0
86 235 75 0
86 121 40 0
86 227 39 0
87 221 37 0
87 163 47 0
87 128 44 0
88 112 42 1
89 330 62 1
89 308 44 1
89 133 46 0
90 205 197 0
90 197 49 0
90 213 54 0
91 257 60 1
91 92 99 0
93 99 51 0
93 108 48 0
93 117 52 1
94 209 64 0
94 194 153 1
94 156 69 1
95 182 17 0
95 181 13 0
95 97 201 1
97 265 46 0
98 230 173 0
98 116 48 0
99 161 45 1
101 251 123 1
101 123 48 1
101 245 42 0
102 298 15 1
102 136 127 1
102 162 191 1
104 166 65 0
104 186 35 0
104 229 51 0
105 214 123 0
105 129 50 0
106 111 49 1
107 111 40 0
108 109 51 1
108 219 139 0
109 222 136 0
110 206 26 0
111 125 66 1
113 209 64 0
113 156 74 0
114 178 46 0
114 210 80 0
115 211 156 1
116 263 38 0
117 161 133 1
117 219 125 0
118 223 42 0
118 122 300 0
118 277 195 1
120 247 68 1
120 224 50 1
121 147 75 1
121 221 59 1
122 158 57 1
122 148 94 1
123 173 58 0
123 152 53 1
123 193 125 1
124 148 226 0
124 223 31 0
124 168 48 1
125 324 789 0
125 211 123 0
126 208 31 1
127 135 75 1
128 233 47 0
128 227 44 1
129 166 101 0
129 229 123 0
130 139 41 0
131 203 19 0
132 331 40 1
132 341 47 0
132 328 15 1
132 134 57 0
133 299 51 0
135 241 19 0
135 207 480 0
136 137 228 0
138 301 24 0
138 171 42 0
138 165 180 0
139 183 111 1
139 279 52 0
140 300 34 0
142 201 48 1
142 149 46 1
142 276 179 0
143 145 61 0
144 179 23 1
144 285 395 0
144 170 201 0
145 300 27 0
146 175 51 0
146 163 98 1
146 233 44 0
147 154 45 1
147 235 39 1
149 172 52 0
149 202 128 0
150 178 45 1
150 153 58 0
150 163 93 0
151 163 51 1
151 153 103 1
151 175 110 0
152 186 130 0
152 167 51 0
153 164 100 0
154 251 41 0
154 178 133 0
155 249 36 0
155 322 52 0
155 318 103 0
156 228 23 0
157 250 123 0
157 188 52 1
157 243 49 0
158 277 157 1
158 199 104 1
159 234 15 1
159 236 95 1
160 200 169 1
160 161 71 1
164 210 70 1
164 180 158 1
165 213 50 1
166 212 52 0
167 255 132 1
167 198 47 1
168 200 48 0
169 177 51 1
169 201 55 0
170 336 95 1
170 321 164 0
171 205 52 0
171 213 188 1
172 200 52 0
172 256 74 1
173 216 29 0
173 199 222 0
174 174 527 0
174 254 302 0
176 234 142 1
176 208 76 1
177 205 51 0
177 197 199 0
178 221 45 1
179 348 158 0
180 240 95 1
184 265 90 0
185 233 12 1
186 255 51 0
186 193 50 0
187 212 91 0
187 210 163 0
188 214 49 0
190 191 40 0
190 192 51 1
193 251 50 0
193 225 45 1
195 335 103 0
196 330 309 1
198 222 52 1
199 222 57 1
199 278 131 0
201 220 33 1
201 282 222 0
202 276 14 1
202 223 86 1
203 263 141 1
203 204 21 0
206 319 122 0
206 310 66 1
207 295 588 1
208 211 46 1
209 220 24 0
211 240 148 1
212 225 55 0
214 229 49 1
215 218 90 0
217 241 199 0
218 236 68 1
218 340 7 0
219 222 49 0
224 250 47 0
224 243 122 0
227 245 75 0
230 239 28 1
230 231 39 1
231 232 47 0
231 239 111 0
234 242 52 1
235 245 39 0
236 247 281 1
236 238 31 1
237 242 31 0
242 342 34 1
244 246 48 0
247 263 55 1
248 260 699 0
252 253 45 0
253 325 92 0
253 345 200 0
254 270 364 1
254 269 123 1
257 347 21 0
257 344 205 0
258 341 64 1
258 297 83 0
258 259 45 0
260 266 163 0
261 262 83 1
262 300 76 0
262 264 59 0
266 271 2849 0
267 343 415 0
267 268 97 0
270 295 313 0
271 293 49 1
271 346 93 0
272 273 23 0
272 280 86 0
272 279 59 0
273 274 12 1
273 279 42 0
275 276 45 1
280 281 40 0
280 282 53 0
281 282 16 0
283 285 19 0
283 284 53 0
285 321 31 1
287 292 5 0
287 325 69 1
287 294 7 0
288 296 44 0
288 332 125 0
288 289 91 1
289 309 91 1
289 325 187 0
290 296 202 0
290 333 238 1
290 292 170 1
291 346 42 1
291 292 34 1
291 293 8 0
293 294 34 1
294 345 435 1
295 305 144 0
296 333 60 0
297 333 183 1
297 345 190 0
298 326 158 0
302 303 80 1
303 306 41 1
303 305 49 0
304 329 49 0
304 306 36 0
305 329 74 0
306 307 50 1
310 311 21 1
312 314 108 0
313 317 93 0
314 316 60 0
315 316 74 0
318 319 33 0
318 320 30 1
319 322 10 0
321 339 221 1
324 346 533 0
324 343 167 0
326 327 25 1
328 341 45 0
330 335 39 0
331 336 124 1
334 335 49 0
336 339 43 1
337 340 121 1
338 339 96 0
340 342 80 0
