190 191 40 1
206 310 66 1
157 243 49 1
243 224 122 1
53 49 116 1
49 180 24 0
180 164 158 1
164 210 70 1
210 187 163 1
187 212 91 1
212 32 50 1
32 159 36 1
159 236 95 1
236 247 281 1
247 263 55 1
263 203 141 1
203 131 19 1
72 210 69 0
187 75 54 0
75 154 46 1
154 147 45 1
147 121 75 1
121 221 59 1
221 87 37 1
87 163 47 1
163 146 98 1
146 71 50 1
71 110 31 1
110 206 26 0
212 166 52 1
166 104 65 0
104 229 51 1
229 214 49 1
214 188 49 0
188 157 52 1
60 6 54 0
6 15 52 0
15 19 95 1
19 298 79 0
298 102 15 1
298 326 158 1
326 17 72 0
17 97 56 1
97 265 46 0
265 56 54 1
56 58 219 1
58 190 96 0
159 234 15 1
234 176 142 1
176 208 76 0
208 211 46 1
211 125 123 1
125 324 789 1
324 346 533 1
346 271 93 1
271 266 2849 1
266 4 228 0
4 270 209 1
270 254 364 1
6 15 52 1
19 298 79 1
326 17 72 1
97 265 46 1
58 190 96 1
176 208 76 1
266 4 228 1
49 77 215 1
179 144 23 1
66 244 46 1
