268 267 97 1
267 55 137 1
55 328 30 1
328 132 15 1
132 331 40 1
108 93 48 0
93 99 51 1
99 81 39 1
81 243 50 1
243 224 122 1
183 139 111 1
139 279 52 1
279 272 59 1
272 280 86 1
280 281 40 0
81 194 281 1
194 52 6 1
52 220 202 1
220 201 33 0
201 282 222 1
282 281 16 1
211 125 123 1
125 324 789 0
324 346 533 1
346 291 42 1
291 292 34 1
292 290 170 1
290 296 202 1
296 288 44 1
288 332 125 1
267 343 415 1
343 324 167 0
195 335 103 1
335 330 39 0
330 89 62 1
89 133 46 0
133 299 51 1
323 8 74 1
8 283 13 0
283 285 19 1
285 321 31 1
321 170 164 1
170 336 95 0
336 331 124 1
211 208 46 1
208 176 76 1
176 78 14 0
78 187 120 1
187 212 91 0
212 166 52 1
166 129 101 1
129 105 50 0
105 79 49 1
79 250 53 1
250 224 47 1
133 22 1 0
22 58 20 1
58 56 219 0
56 265 54 0
265 97 46 0
97 17 56 1
17 326 72 1
326 298 158 1
298 19 79 1
19 15 95 1
15 6 52 1
6 244 95 1
244 66 46 1
66 285 31 1
27 44 125 1
44 249 9 0
249 21 51 1
21 16 59 0
16 322 29 1
322 319 10 1
319 206 122 1
206 110 26 1
110 71 31 0
71 146 50 1
146 233 44 1
233 128 47 1
128 227 44 1
227 86 39 1
86 235 75 1
235 245 39 1
245 101 42 1
101 123 48 0
123 152 53 1
152 167 51 1
167 198 47 0
198 222 52 1
222 219 49 1
219 108 139 1
