20 150
0 1 2 0
0 2 3 0
0 3 4 0
0 4 2 0
0 5 3 0
0 6 1 0
0 7 2 0
0 8 3 0
0 9 4 0
0 10 2 0
0 11 3 0
0 12 2 0
0 13 3 0
0 14 4 0
0 15 3 0
0 16 1 0
0 17 2 0
0 18 3 0
0 19 2 0
1 2 4 0
1 3 3 0
1 4 2 0
1 5 3 0
1 6 4 0
1 7 2 0
1 8 3 0
1 9 1 0
1 10 4 0
1 11 3 0
1 12 2 0
1 13 4 0
1 14 3 0
1 15 2 0
1 16 3 0
1 17 2 0
1 18 4 0
1 19 3 0
2 3 1 0
2 4 2 0
2 5 3 0
2 6 4 0
2 7 3 0
2 8 2 0
2 9 3 0
2 10 4 0
2 11 1 0
2 12 2 0
2 13 3 0
2 14 4 0
2 15 3 0
2 16 2 0
2 17 3 0
2 18 1 0
2 19 4 0
3 4 3 0
3 5 2 0
3 6 4 0
3 7 3 0
3 8 1 0
3 9 2 0
3 10 3 0
3 11 2 0
3 12 3 0
3 13 2 0
3 14 1 0
3 15 4 0
3 16 2 0
3 17 3 0
3 18 4 0
3 19 1 0
4 5 3 0
4 6 2 0
4 7 4 0
4 8 1 0
4 9 2 0
4 10 3 0
4 11 1 0
4 12 2 0
4 13 3 0
4 14 4 0
4 15 2 0
4 16 3 0
4 17 1 0
4 18 2 0
4 19 3 0
5 6 3 0
5 7 1 0
5 8 2 0
5 9 3 0
5 10 2 0
5 11 4 0
5 12 3 0
5 13 1 0
5 14 2 0
5 15 3 0
5 16 2 0
5 17 3 0
5 18 4 0
5 19 1 0
6 7 2 0
6 8 3 0
6 9 2 0
6 10 3 0
6 11 2 0
6 12 1 0
6 13 2 0
6 14 3 0
6 15 2 0
6 16 3 0
6 17 4 0
6 18 1 0
6 19 2 0
7 8 1 0
7 9 2 0
7 10 3 0
7 11 2 0
7 12 3 0
7 13 4 0
7 14 2 0
7 15 1 0
7 16 2 0
7 17 3 0
7 18 2 0
7 19 4 0
8 9 3 0
8 10 2 0
8 11 1 0
8 12 3 0
8 13 2 0
8 14 4 0
8 15 3 0
8 16 1 0
8 17 4 0
8 18 3 0
8 19 2 0
9 10 3 0
9 11 2 0
9 12 1 0
9 13 4 0
9 14 3 0
9 15 2 0
9 16 4 0
9 17 2 0
9 18 3 0
9 19 1 0
10 11 2 0
10 12 3 0
10 13 2 0
10 14 4 0
10 15 3 0
10 16 2 0
10 17 4 0
10 18 1 0
10 19 3 0
11 12 4 0
11 13 3 0
11 14 2 0
11 15 1 0
11 16 3 0
11 17 2 0
11 18 4 0
11 19 2 0
5
1 4 8 11 18
