349 445 12
13 58 260 331 167 323 193 52 60 277 314 73
0 346 247 0
0 92 146 0
0 38 13 1
0 313 210 1
1 2 122 1
1 305 45 0
1 347 649 1
1 282 160 0
2 305 131 1
2 42 68 0
3 16 133 0
3 9 73 1
3 292 71 0
4 345 112 1
4 347 15 0
4 241 93 0
4 242 80 1
5 195 140 1
5 199 1151 0
5 7 184 0
6 348 184 1
7 54 417 1
7 58 586 0
8 196 178 0
8 193 418 0
8 282 602 1
9 127 100 0
10 294 211 0
11 337 31 1
11 12 26 0
12 337 24 1
12 13 292 0
13 344 281 1
13 132 144 0
14 176 24 0
14 101 20 0
15 89 288 0
15 287 196 1
15 46 251 0
15 18 33 1
15 19 24 1
16 158 273 0
17 169 23 1
17 21 17 1
17 20 20 1
18 344 113 1
18 27 153 0
19 27 129 0
20 90 163 0
20 169 25 1
21 167 63 1
21 225 230 1
22 297 104 0
22 302 64 0
22 49 19 0
23 168 197 0
23 163 41 0
23 25 155 1
24 270 148 1
24 30 104 0
25 33 64 1
26 201 87 1
26 202 211 0
26 320 180 0
27 28 63 1
29 135 163 1
29 178 238 0
29 117 30 1
30 183 47 1
30 270 41 0
31 37 93 0
32 33 208 0
33 238 104 1
34 330 382 0
34 36 376 1
34 181 302 0
35 216 937 0
36 291 457 0
36 255 298 0
37 40 2771 0
37 57 380 1
39 331 979 1
39 70 455 0
39 49 415 0
40 199 980 0
40 173 264 1
41 182 40 0
41 135 179 0
41 268 207 1
42 193 215 1
43 257 11 1
43 321 74 1
44 71 253 1
44 81 421 1
44 239 809 1
44 262 712 0
45 112 196 1
47 48 51 0
47 77 149 0
47 50 150 0
49 163 239 1
50 85 17 0
50 83 233 0
51 253 111 0
52 54 384 0
52 120 462 0
52 175 152 1
53 81 491 0
53 94 357 0
53 226 358 1
54 55 212 0
55 309 85 0
55 68 113 0
56 158 600 0
58 161 1256 0
58 189 635 1
59 184 161 0
59 304 134 0
59 66 58 1
59 63 92 0
60 300 73 1
60 61 66 1
60 122 157 0
60 166 254 0
60 64 149 0
61 184 58 0
61 66 153 0
62 227 409 1
62 71 951 0
62 181 234 0
63 264 76 1
63 149 136 1
64 65 69 0
64 66 70 1
65 187 87 0
65 300 236 0
66 187 114 0
67 309 43 0
67 68 81 0
68 69 168 0
70 78 598 0
70 115 265 1
71 93 130 0
72 298 45 1
73 106 1578 1
73 247 246 1
73 177 230 0
74 85 149 0
75 180 94 1
76 338 2503 0
76 84 159 0
76 294 1374 0
77 138 98 0
77 139 159 0
78 109 117 1
78 215 325 1
78 165 77 0
79 85 71 0
80 194 184 0
80 255 703 1
80 249 231 0
82 273 158 1
82 190 261 1
82 240 1318 0
83 139 245 0
83 152 465 0
84 243 1369 0
84 140 896 0
86 233 382 0
86 132 33 0
86 133 30 0
87 301 16 1
88 315 172 0
89 90 64 1
89 308 349 0
89 315 42 0
90 167 126 0
91 298 46 1
93 94 419 0
93 211 102 0
95 104 353 0
95 221 396 0
95 160 144 0
96 98 505 1
96 141 435 0
96 229 211 0
97 342 62 1
97 100 36 0
97 99 35 1
98 284 188 1
98 214 776 1
99 279 19 0
99 275 34 0
100 277 18 1
100 101 25 0
101 277 18 0
102 104 264 0
102 155 257 1
102 156 160 1
103 124 103 0
104 235 218 1
105 216 427 0
106 116 195 1
106 178 844 1
107 192 165 0
107 137 271 0
108 261 33 0
108 159 96 1
108 237 315 0
109 339 23 0
109 223 627 1
110 147 10 1
110 123 90 0
111 118 172 0
111 222 84 0
112 178 1316 0
112 276 902 0
113 289 407 0
113 180 274 0
114 120 52 0
114 122 19 1
114 237 623 0
115 302 145 1
115 153 198 1
116 121 219 0
116 135 592 0
118 176 146 0
119 174 114 1
119 121 87 0
119 260 33 1
120 122 44 1
121 124 33 1
122 186 79 1
123 208 5 0
123 209 177 1
123 129 89 1
124 126 45 0
125 130 96 1
125 128 98 0
127 292 103 1
127 179 174 0
128 208 88 1
128 130 10 0
128 129 9 0
129 172 77 1
129 131 10 0
130 131 9 0
131 172 76 0
132 143 88 0
132 144 35 0
133 144 16 0
133 134 48 0
134 144 64 1
134 253 393 0
136 233 28 0
137 245 254 0
137 236 57 0
138 247 131 1
138 214 281 0
139 177 136 0
141 156 13 0
141 318 366 1
142 339 234 0
142 143 183 1
142 215 106 0
143 144 67 0
145 217 764 0
146 253 29 1
147 148 273 1
148 200 265 0
148 319 30 0
149 304 87 1
149 150 6 1
150 151 15 0
151 263 28 0
151 154 25 0
152 301 154 0
152 153 25 0
153 348 161 0
154 263 14 1
154 157 173 0
155 221 155 0
155 156 117 0
155 225 110 1
156 171 87 0
157 311 67 0
157 264 8 0
157 159 87 0
158 273 192 1
159 219 73 0
159 220 7 0
160 223 512 1
160 215 561 0
161 248 952 1
161 235 593 0
162 217 1727 0
163 164 308 0
164 165 21 1
164 238 271 0
165 284 474 0
167 343 209 1
169 170 288 1
170 171 81 0
170 323 156 1
171 207 78 0
171 259 67 0
172 207 105 1
173 188 594 0
173 175 735 0
174 206 46 0
174 331 223 0
175 248 308 1
176 316 295 0
177 229 112 0
180 227 254 0
181 248 359 1
183 188 41 0
183 329 39 1
184 220 96 1
185 186 66 1
186 295 170 1
186 300 50 0
187 304 67 0
188 270 55 0
189 340 1455 0
189 332 363 0
191 288 60 1
192 245 139 1
192 272 97 1
194 226 547 0
195 291 490 0
195 226 140 1
197 257 67 0
197 321 20 1
197 332 18 0
198 320 47 0
199 214 930 1
201 202 139 0
203 345 313 1
203 269 275 0
203 204 18 0
205 308 10 0
205 306 37 1
207 258 76 0
209 258 19 0
209 246 123 0
210 309 86 1
212 309 49 1
213 326 13 1
216 331 861 1
217 346 131 1
218 219 48 1
218 230 90 1
218 265 102 0
218 266 106 1
219 311 91 0
219 310 125 1
220 261 127 1
220 264 91 1
221 229 82 0
222 316 24 0
222 251 168 1
223 299 807 0
224 265 141 0
225 318 311 0
227 249 336 0
228 266 88 0
230 311 37 0
230 314 131 0
230 231 164 0
231 263 19 0
232 257 18 0
233 234 17 0
235 237 213 0
239 262 95 1
241 242 142 0
241 299 278 1
242 282 401 0
243 335 236 1
243 293 431 1
244 252 110 0
244 250 60 0
244 330 77 0
245 312 1185 0
246 319 47 1
246 259 51 0
247 339 383 0
249 330 222 0
254 285 82 0
255 333 210 1
256 270 221 0
258 259 82 1
261 342 92 0
265 266 55 1
266 267 78 1
271 348 337 0
273 274 328 0
274 281 1408 1
274 292 233 1
275 279 21 1
277 279 8 1
278 286 129 0
280 285 45 0
281 299 3039 1
281 312 59 0
283 285 60 0
283 286 25 0
284 338 1488 1
285 303 42 0
286 288 42 0
286 290 83 0
288 290 36 0
289 291 169 0
290 332 40 1
293 312 1292 1
293 336 254 0
294 296 14 0
297 298 72 0
298 302 72 1
301 348 7 0
303 321 11 1
303 332 32 0
305 338 332 1
306 308 38 0
307 308 13 1
307 315 344 1
316 342 403 0
317 326 51 1
318 341 106 0
318 343 151 0
319 323 70 1
320 323 213 0
322 327 29 0
324 341 130 0
325 340 182 0
325 326 121 1
325 327 49 1
327 328 51 0
334 336 32 1
334 335 27 0
335 336 42 1
339 341 181 1
340 346 767 0
343 344 71 0
345 347 83 1
