190 191 40 0
206 310 66 0
157 243 49 0
243 224 122 0
53 49 116 0
49 180 24 1
180 164 158 0
164 210 70 0
210 187 163 0
187 212 91 0
212 32 50 0
32 159 36 0
159 236 95 0
236 247 281 0
247 263 55 0
263 203 141 0
203 131 19 0
72 210 69 1
187 75 54 1
75 154 46 0
154 147 45 0
147 121 75 0
121 221 59 0
221 87 37 0
87 163 47 0
163 146 98 0
146 71 50 0
71 110 31 0
110 206 26 1
212 166 52 0
166 104 65 1
104 229 51 0
229 214 49 0
214 188 49 1
188 157 52 0
60 6 54 1
6 15 52 1
15 19 95 0
19 298 79 1
298 102 15 0
298 326 158 0
326 17 72 1
17 97 56 0
97 265 46 1
265 56 54 0
56 58 219 0
58 190 96 1
159 234 15 0
234 176 142 0
176 208 76 1
208 211 46 0
211 125 123 0
125 324 789 0
324 346 533 0
346 271 93 0
271 266 2849 0
266 4 228 1
4 270 209 0
270 254 364 0
49 77 215 1
77 179 84 0
179 144 23 1
144 285 395 0
285 66 31 0
66 244 46 1
244 6 95 0
